$ANSIBLE_VAULT;1.1;AES256
30393137396234313439643039373737386537636239616564303630333162313033313265363438
3738623736663538396639333932363466306335623566330a306166383964346132383266656637
39376132333635636633376430623430363833373335323131346332663666343131386335326136
6137326466646232310a353166326166366336386435366536376337393664626339316666663936
39323262646634363662333562356164636433316631396634616365303635373432333361316337
35666132373865613934633033613864643730393138333564333638346535353738336163373231
65613539373066303938316231363136383638366430336232643732313936373231386364343738
64383031323134346134616531366439663863386562393661633665323934656634623234326236
35333837383634373132306665316633333662306561653365396361366134653561303564626437
66323937396537326634656133383831386163643762393135383739383961633461613062366165
38633630363936623538343035396263393432326333383933336136336531396235663237643033
36373765333833336231303836633662643135653238366539643635326364383032363138663132
33616136353937386363646165663539343231306166326265373561663665316662313437666133
38613162393033613037306662313762343435303532373630366230376534393633313338636536
32383863363231363538663363333938346266383964623636653238643336626636373664313531
32313236373232326362396261626430653466353236663137623134306664323630663465323562
66636566326430303631623533306639316334353338333666626263303364353866626136633666
65373434346131666638313333393863333330356431613832336566373865336464303636646435
61393333376437643861653839386639356139643630383661393939383737643334616534326237
36333132306165623031326632636537396564366262343635346262646530336639633664373065
61333532356332643933386430353162386534316537653138356262643061366532373665643635
65626636646634313038353134336364303433346431643634613866356539653961336366393030
34643132356134613036353338313839373438343337656236383965623365653936636564396465
66376166646239363337303663346136336363343461336366663433353534333335306133303364
33663061346263623534653031623766373333306635643033323235326366633734313833353563
38353364363565663333303363653338393334616332653266663863343930313533323565303431
31323334633539353133343363356635633137376639306233636130663030393937393933336534
62656634303436363466316535323639623164313434646237373464343632363965626366666332
35653436313433613565323834353838623761306435663539633835356535623535356565323264
38613434343331623636336337663536393166376566633439653230626566373763323561383637
66333330633432376633306163656131383066656562613836623338643837353866313663376461
32376361346131306137363737356335613430633630393436636637376338313234653664396333
36633861616539663964346631393265653537313736643765353331373135353036313066643830
64303861343036643566653438303266636364336135353139326164626233626534383937616239
62333239663935343263626161356239663537323966613230386464363662623962333362666462
65306166393964333530386235626630346435616364663338653930353635656663666261303062
32343035343735323130386438666139613933333234363762343565336438666131383964653431
66366363393562373236663663386637336666383334663030313135653335643261366232636432
37613134623133306136356338303833353335333639366131353130656535376162636364666266
61386333346631323766333265366535656536633066623966393033363062626134666533343331
30333036306462613262323638303165643137663831303632343865323434383231333732633761
64366439353562363130346437326438656564616466653032316264333833386361636234613933
38626536376534643636626466343831343033613561346239346166646136353335386563336234
36386134613835363064323438643230386236663531333030383339343061306662643331623336
32336435323236326537393639663230343561353362356362626230663961356339616136353962
31666463663733363034653839376134643336323633333330623030376238656464626533303532
31313265333138373232646337366439613161353539353866666234623737333131343338303564
66633731383831303962366365313737363634326363616161343561343332353038343366626536
65656237356530633531373964323836303236666533656164326366386462313237346530633231
38363433613136386233666539343964643637323562656661313138633134656662626539353133
63613836643430656233636234393132383036343861626461343061316361313461323463663130
61306662323438356439323363376337373865656465363931373238633033646164653261633531
62373431646135623162343931326661353966656536656637633661366632346335386638373334
35636238353930643632333833653765643132363432303761643938343664383332373963656334
61396363373635663132383762353062333932373564613464316538643863623635393330316436
33643939646364333639336637386165306130353961383736383965333134323561393465333638
34366462623765356364663062396637616239613739336635383133613736333332393236336333
61643137393966353739363466636539363434653364376139303634373965383334313636633936
31623730626266363661323062326464353536333638353262313938303036613032633564373631
38633835646635383665663530643166353339613038386462383263313766373633626235373733
34623033313333656463323564666132663437386537633861346266396437363166616565643862
66653234323639373662306531656139396235336462343539396436623137646363653266316465
31333239383439326331323764366438663433316636333536383739393031663330636636383135
63343535303738326130623966313632386662303934356661383061343166316339306435366538
38666366313032313536373765396231653162326366333964396366663937626561393230613533
66363162653662613634363362383630353263373937313436633862633032646231623438373266
38623464353934396235383631653638333365393934636235633862373663353136346339303032
63316139616566353662663136303334356633636565366439343237303762363136613863396166
66353337613939386535323162626266396662346365343866623465666662306635646135643138
63666135353264356234333336633835613730356336623665616163303162336234343237633064
64353066363338383962303464363534643161616663616232623661646533363737383933396135
61626534386332613862333133313233316363363532363161303561303033356336373761366166
32636464303165353132653637353339643139353338363936356461353666356234393831646161
63363836383437633365346238303265333565386433333930393230346161363362306237396537
63333166623238323339663630373763633738643633316462666362646161333436326661333065
39666634633032303332363638633632316538306532666237646436643661323530383061303361
65386466363966326464323330323637393765356339636263613936313963643964353765623063
36333561343930613735663230633165383832613531373930363961363037623466316631386464
36363333623564633135393435323262353935373332333433626663353235346463646334303764
65656462623636663864333132323166363832353931393034363032333864356633396266326230
64633263373663656263353238393134333161346264313035323335386437623663316634323432
30613166633363386336326433376461393234346535653537616432306635326334623533633961
39323663663034633434346139393932636463666565623537383234643131366630613365393739
36623736616462336338393166613965313064313936393562633537386430626562303763333831
30313164313032353965343062373166336130323661633634346563636533336332613033393662
31366666316131633638326338343339653536313264353337383531383036343039306664383237
66643331353364326138353331633635373262336362373232633237316438303030366634323438
37303038303434333861
